PMT NO.,Payment date,Beginning balance,Scheduled Payment,Extra Payment,Total Payment,Principal,Interest,Ending Balance,Cumulative Interest
1,1/17/17,"$100,000.00",$506.69,$100.00,$606.69,$231.69,$375.00,"$99,768.31",$375.00
2,2/17/17,"$99,768.32",$506.69,$100.00,$606.69,$232.55,$374.13,"$99,535.76",$749.13
3,3/17/17,"$99,535.76",$506.69,$100.00,$606.69,$233.43,$373.26,"$99,302.33","$1,122.39"
4,4/17/17,"$99,068.03",$506.69,$100.00,$606.69,$234.30,"$372,38","$99,068.03","$1,494.77"
5,5/17/17,"$98,832.85",$506.69,$100.00,$606.69,$235.18,$371.51,"$98,832.85","$1,866"
6,6/17/17,"$98,596.79",$506.69,$100.00,$606.69,$236.79,$370.62,"$98,596.79","$2,236.90"
7,7/17/17,"$98,358.85",$506.69,$100.00,$606.69,$237.88,$369.74,"$98,359.84","$2,606.64"
8,8/17/17,"$98,122.01",$506.69,$100.00,$606.69,$238.44,$368.85,"98,122.01","$2,975.49"
9,9/17/17,"$97,883",$506.69,$100.00,$606.69,$239.56,$367.96,"$97,883.28","$3,343.45"
10,10/17/17,"$97,643.66",$506.69,$100.00,$606.69,$240.00,"$367,06","$97,643.66","$3,710.51"
11,11/17/17,"$97,403.03",$506.69,$100.00,$606.69,$241.35,$366.16,"$97,403.13","$4,076.67"
12,12/17/17,"97,505.67",$506.69,$100.00,$606.69,$242.78,$365.26,"$97,161.71","$4,441.94"
13,1/17/18,"$96,919.38",$506.69,$100.00,$606.69,$243.67,$364.36,"96,919.38","$480,629"
14,2/17/18,"$96,676.14",$506.69,$100.00,$606.69,$244.32,$363.45,"$96,676.14","$5,169.74"
15,3/17/18,"$96,186.93",$506.69,$100.00,$606.69,$245.21,$362.54,"$96,432.00","$553,227"
16,4/17/18,"$96,487.63",$506.69,$100.00,$606.69,$246.99,$361.62,$96.186.93,"$6,254.60"
17,5/17/18,"$95,694.04",$506.69,$100.00,$606.69,$247.56,$360.70,"$95,940.95","$6,614.37"
18,6/17/18,"$95,567.56",$506.69,$100.00,$606.69,$248.35,$359.78,"$95,694.04","$6,445"
19,7/17/18,"$95,521.89",$506.69,$100.00,$606.69,$249.10,$358.85,"95,446.21","$6,988"
20,8/17/18,"$95,446",$506.69,$100.00,$606.69,$249.34,$357.92,"$95,197.44","$7,332.05"